
 psi_mid =  -5.0929500000000001     
 u_max =   16.260400000000001      at y =  0.82500000000000007     
 v_max =   19.743800000000000      at x =  0.11250000000000000     
 Nu_max =   3.5802400000000034      at y=  0.13750000000000001     
 Nu_min =  0.58119999999999727      at y=   1.0000000000000000     

